index,token,Structures,Landings,Colliders,Reward,Hazard
0,0,-------------X,1,1,0,0
16,1,---------Q---X,17,17,16,0
20,2,---------S---X,17,17,0,0
21,3,---------?--EX,17,17,16,2
22,4,-----Q---S---X,273,273,256,0
28,5,-----------<[X,4,7,0,0
29,6,----------->]X,4,7,0,0
38,7,----------<[[X,8,15,0,0
39,8,---------->]]X,8,15,0,0
41,9,------------EX,1,1,0,2
46,10,---------<[[[X,16,31,0,0
47,11,--------->]]]X,16,31,0,0
64,12,--------S----X,33,33,0,0
69,13,--------------,0,0,0,0
78,14,---------?---X,17,17,16,0
79,15,-------E-S---X,17,17,0,64
80,16,-----S-------X,257,257,0,0
82,17,----ES-------X,257,257,0,512
86,18,-----S--------,256,256,0,0
106,19,---------Q--EX,17,17,16,2
109,20,-----?---Q---X,273,273,272,0
129,21,-----Q---S--EX,273,273,256,2
134,22,------------XX,2,3,0,0
135,23,-----------XXX,4,7,0,0
136,24,----------XXXX,8,15,0,0
137,25,---------XXXXX,16,31,0,0
185,26,--------XXXXXX,32,63,0,0
186,27,-------XXXXXXX,64,127,0,0
187,28,------XXXXXXXX,128,255,0,0
188,29,-----XXXXXXXXX,256,511,0,0
0,30,--SSSSSSSSSSSX,2048,4095,0,0
6,31,--S----------X,2049,2049,0,0
10,32,--S------Q---X,2065,2065,16,0
14,33,--S------Q--EX,2065,2065,16,2
15,34,--S---------EX,2049,2049,0,2
17,35,--S---------XX,2050,2051,0,0
19,36,--S--------XXX,2052,2055,0,0
21,37,--S-------XXXX,2056,2063,0,0
23,38,--S------XXXXX,2064,2079,0,0
29,39,--S-----S---EX,2081,2081,0,2
30,40,--S---o------X,2049,2049,128,0
39,41,--S----SSS---X,2113,2161,0,0
40,42,--S-----oS---X,2065,2065,32,0
41,43,--S--o-SSS---X,2113,2161,256,0
42,44,--S--o-S----EX,2113,2113,256,2
52,45,--S--SSSSS---X,2305,2545,0,0
53,46,--S--SSSSS--EX,2305,2545,0,2
54,47,--SSS----SSS-X,2065,3613,0,0
58,48,--SSS---oS---X,2065,3601,32,0
60,49,--SSS---oS--EX,2065,3601,32,2
62,50,--SSSSSSSS---X,2049,4081,0,0
63,51,--SSSSSSSS--EX,2049,4081,0,2
66,52,--SSS--------X,2049,3585,0,0
69,53,--SSS---?S---X,2081,3633,32,0
70,54,--S-----?----X,2081,2081,32,0
72,55,--S-ESSSSS---X,2305,2545,0,512
75,56,--S-------E--X,2049,2049,0,8
76,57,--SSS----SE--X,2065,3601,0,8
77,58,--SSS---ES---X,2065,3601,0,32
78,59,--SSS----S---X,2065,3601,0,0
80,60,--S-----------,2048,2048,0,0
84,61,--S--o-SS----X,2113,2145,256,0
89,62,--?--o-SS----X,2113,2145,2304,0
103,63,--S-------<[[X,2056,2063,0,0
104,64,--S------E>]]X,2056,2063,0,16
109,65,--S------<[[[X,2064,2079,0,0
110,66,--S-----E>]]]X,2064,2079,0,32
115,67,--S--------<[X,2052,2055,0,0
116,68,--S-------E>]X,2052,2055,0,8
122,69,--S-------SSSX,2056,2063,0,0
133,70,--S--------EXX,2050,2051,0,4
135,71,--S-------EXXX,2052,2055,0,8
138,72,---------XXXX-,16,30,0,0
140,73,----X-----X---,520,520,0,0
148,74,--------S---EX,33,33,0,2
150,75,--------?----X,33,33,32,0
155,76,-----X-------X,257,257,0,0
13,77,------------X-,2,2,0,0
19,78,---------X----,16,16,0,0
21,79,----EX---X----,272,272,0,512
22,80,----oX---X----,272,272,512,0
25,81,-----X---X----,272,272,0,0
28,82,-----------oX-,2,2,4,0
30,83,--------X-----,32,32,0,0
32,84,--o-----X-----,32,32,2048,0
35,85,----X---------,512,512,0,0
36,86,---EX---------,512,512,0,1024
45,87,------o------X,1,1,128,0
50,88,----------X---,8,8,0,0
54,89,----------?--X,9,9,8,0
55,90,----oX-------X,257,257,512,0
69,91,----EE--------,0,0,0,768
71,92,------X-------,128,128,0,0
72,93,-----EX-------,128,128,0,256
80,94,-----o--------,0,0,256,0
81,95,-----o--X-----,32,32,256,0
88,96,----o---------,0,0,512,0
89,97,----o----X----,16,16,512,0
93,98,----o------X--,4,4,512,0
94,99,-----------X--,4,4,0,0
99,100,-------X------,64,64,0,0
101,101,------EX------,64,64,0,128
108,102,------------oX,1,1,2,0
109,103,-----E------oX,1,1,2,256
124,104,------X------X,129,129,0,0
16,105,---------EXXXX,8,15,0,16
21,106,-----S---S---X,273,273,0,0
22,107,-----S------EX,257,257,0,2
40,108,--------E>]]]X,16,31,0,32
45,109,---------E---X,1,1,0,16
46,110,-----Q---?---X,273,273,272,0
47,111,-----Q---Q---X,273,273,272,0
61,112,---------S--EX,17,17,0,2
74,113,-----S---Q---X,273,273,16,0
78,114,-----S---Q--EX,273,273,16,2
109,115,----------E>]X,4,7,0,8
118,116,-----?-------X,257,257,256,0
119,117,-----S----<[[X,264,271,0,0
120,118,-----S---E>]]X,264,271,0,16
123,119,--------<[[[[X,32,63,0,0
124,120,-------E>]]]]X,32,63,0,64
143,121,-----------E-X,1,1,0,4
158,122,-----S---E---X,257,257,0,16
163,123,----------E--X,1,1,0,8
170,124,---------E>]]X,8,15,0,16
183,125,---XXXXXXXXXXX,1024,2047,0,0
11,126,---------EE--X,1,1,0,24
12,127,--------Q----X,33,33,32,0
70,128,----------XX--,8,12,0,0
74,129,--------E-----,0,0,0,32
79,130,---------XXX--,16,28,0,0
83,131,-----S-----XXX,260,263,0,0
110,132,-----?---S---X,273,273,256,0
122,133,-----S--S-----,288,288,0,0
135,134,-------XXXXXX-,64,126,0,0
144,135,----EQ---Q---X,273,273,272,512
159,136,---------SE--X,17,17,0,8
161,137,-------o-S---X,17,17,64,0
162,138,--------ES---X,17,17,0,32
163,139,---------S-E-X,17,17,0,4
177,140,----------EXXX,4,7,0,8
181,141,-------EXXXXXX,32,63,0,64
193,142,--E---------XX,2,3,0,2048
17,143,-------X--X---,72,72,0,0
26,144,--------X---oX,33,33,2,0
32,145,------o-----X-,2,2,128,0
38,146,------o--X----,16,16,128,0
41,147,---------X-X--,20,20,0,0
42,148,-------X---X--,68,68,0,0
44,149,---?---X---X--,1092,1092,1024,0
46,150,------EX---X--,68,68,0,128
47,151,-------X-o-X--,68,68,16,0
48,152,---------o-X--,4,4,16,0
49,153,---------oEX--,4,4,16,8
50,154,---X-------X--,1028,1028,0,0
51,155,--oX----------,1024,1024,2048,0
53,156,---X----------,1024,1024,0,0
60,157,-------X-----X,65,65,0,0
61,158,------oX-----X,65,65,128,0
72,159,----X--------X,513,513,0,0
73,160,---oX--------X,513,513,1024,0
76,161,-----oX-------,128,128,256,0
79,162,------X----X--,132,132,0,0
91,163,-----X--------,256,256,0,0
100,164,----oX--------,256,256,512,0
102,165,-----X-----X--,260,260,0,0
103,166,-------X--oX--,68,68,8,0
104,167,------oX---X--,68,68,128,0
109,168,------E-------,0,0,0,128
117,169,---------EX---,8,8,0,16
125,170,------X---X---,136,136,0,0
34,171,---------o---X,1,1,16,0
35,172,--------o----X,1,1,32,0
142,173,-----Q---S----,272,272,256,0
20,174,--SSSS--------,2048,3840,0,0
21,175,--SSSS-------X,2049,3841,0,0
22,176,--SSSS---SSS-X,2065,3869,0,0
27,177,--SSSS---S--oX,2065,3857,2,0
28,178,--SSSS--??--oX,2081,3889,50,0
29,179,--SSSS---?--oX,2065,3857,18,0
30,180,--SSSS---SSSSX,2064,3871,0,0
42,181,--SSSS--ESSSSX,2064,3871,0,32
50,182,--S--Q---Q---X,2321,2321,272,0
64,183,-----S-S-----X,321,321,0,0
65,184,-----S--S----X,289,289,0,0
76,185,--S------S---X,2065,2065,0,0
78,186,--S---<[[[[[[X,2176,2303,0,0
79,187,--S--E>]]]]]]X,2176,2303,0,256
87,188,--S-----S----X,2081,2081,0,0
105,189,--S-------XXX-,2056,2062,0,0
113,190,----------XXX-,8,14,0,0
119,191,--S--S---S---X,2321,2321,0,0
120,192,--S-??---S---X,2577,2833,768,0
121,193,--S--?---S---X,2321,2321,256,0
156,194,-X---------X--,4100,4100,0,0
160,195,--SSSSSS-----X,2049,4033,0,0
161,196,--SSSS--??---X,2081,3889,48,0
162,197,--SSSS--o?---X,2065,3857,48,0
163,198,--SSSS--oS---X,2065,3857,32,0
168,199,--SSSS--oS--EX,2065,3857,32,2
173,200,--SSSS------XX,2050,3843,0,0
174,201,--SSSS-----XXX,2052,3847,0,0
175,202,--SSSS----XXXX,2056,3855,0,0
85,203,-----S---X---X,273,273,0,0
87,204,-----S---X----,272,272,0,0
106,205,-----------BbX,4,7,0,4
151,206,-------<[X---X,65,113,0,0
152,207,------E>]X---X,65,113,0,128
184,208,-----XXXXXX--X,257,505,0,0
24,209,-----------XX-,4,6,0,0
28,210,---------XX---,16,24,0,0
29,211,-----S---XX---,272,280,0,0
31,212,---------X---X,17,17,0,0
37,213,-------o-----X,1,1,64,0
69,214,-------o------,0,0,64,0
77,215,-----------X-X,5,5,0,0
78,216,----------XX-X,9,13,0,0
83,217,------SXSXXXXX,128,255,0,0
84,218,------S------X,129,129,0,0
85,219,------S---S--X,137,137,0,0
86,220,----------S---,8,8,0,0
120,221,--------SXXXX-,32,62,0,0
121,222,--------S-----,32,32,0,0
123,223,--------S---S-,34,34,0,0
124,224,--------Q---S-,34,34,32,0
125,225,------------S-,2,2,0,0
127,226,------------SX,2,3,0,0
142,227,-------SXXXXX-,64,126,0,0
143,228,-------S------,64,64,0,0
144,229,---------S----,16,16,0,0
145,230,---------S-S--,20,20,0,0
146,231,-------o---S--,4,4,64,0
147,232,-----------S--,4,4,0,0
167,233,--------XXXXX-,32,62,0,0
20,234,---o-S------EX,257,257,1024,2
27,235,------<[X----X,129,225,0,0
28,236,-----E>]X----X,129,225,0,256
29,237,--------X----X,33,33,0,0
62,238,-----S-----<[X,260,263,0,0
63,239,-----S----E>]X,260,263,0,8
82,240,-------<[[[[[X,64,127,0,0
83,241,------E>]]]]]X,64,127,0,128
106,242,------<[[X---X,129,241,0,0
107,243,-----E>]]X---X,129,241,0,256
162,244,------<[[X--EX,129,241,0,2
197,245,-----E--E>]]]X,16,31,0,288
23,246,--o--X--------,256,256,2048,0
38,247,----o--------X,1,1,512,0
41,248,----o--X-----X,65,65,512,0
42,249,----o--X------,64,64,512,0
50,250,---Q----------,1024,1024,1024,0
80,251,--oX------X---,1032,1032,2048,0
83,252,---X------X---,1032,1032,0,0
85,253,--------X-X---,40,40,0,0
97,254,--------o-----,0,0,32,0
130,255,-----X---X---X,273,273,0,0
140,256,------Xo------,128,128,64,0
149,257,---o----------,0,0,1024,0
21,258,-----S----BbBX,264,271,0,10
32,259,---------Q-E-X,17,17,16,4
39,260,----------Bb-X,9,13,0,8
49,261,----------BbBX,8,15,0,10
57,262,-------BbX---X,65,113,0,64
77,263,-----S--ES---X,273,273,0,32
80,264,----ES---S---X,273,273,0,512
144,265,--?----------X,2049,2049,2048,0
146,266,------S-----XX,130,131,0,0
147,267,------S----XXX,132,135,0,0
102,268,----o-------EX,1,1,512,2
153,269,-----S----E--X,257,257,0,8
164,270,----------E---,0,0,0,8
